{
 "metadata": {
  "language": "Julia",
  "name": "",
  "signature": "sha256:06faa5b2ebad496724c493d806de918e2c9196777f45c48d6ebdf072e655f6f6"
 },
 "nbformat": 3,
 "nbformat_minor": 0,
 "worksheets": [
  {
   "cells": [
    {
     "cell_type": "code",
     "collapsed": false,
     "input": [
      "Neighbor=reshape([2,4,1,1,3,5,1,2,3,6,2,3,5,7,4,1,6,8,4,2,6,9,5,3,8,7,7,4,9,8,7,5,9,9,8,6],(4,9))"
     ],
     "language": "python",
     "metadata": {},
     "outputs": [
      {
       "metadata": {},
       "output_type": "pyout",
       "prompt_number": 2,
       "text": [
        "4x9 Array{Int64,2}:\n",
        " 2  3  3  5  6  6  8  9  9\n",
        " 4  5  6  7  8  9  7  8  9\n",
        " 1  1  2  4  4  5  7  7  8\n",
        " 1  2  3  1  2  3  4  5  6"
       ]
      }
     ],
     "prompt_number": 2
    },
    {
     "cell_type": "code",
     "collapsed": false,
     "input": [
      "transfer=zeros(9,9);"
     ],
     "language": "python",
     "metadata": {},
     "outputs": [],
     "prompt_number": 71
    },
    {
     "cell_type": "code",
     "collapsed": false,
     "input": [
      "for k in 1:9\n",
      "    for j in 1:4\n",
      "        transfer[Neighbor[j,k],k]+=0.25\n",
      "    end\n",
      "end"
     ],
     "language": "python",
     "metadata": {},
     "outputs": [],
     "prompt_number": 72
    },
    {
     "cell_type": "code",
     "collapsed": false,
     "input": [
      "position = zeros(9);"
     ],
     "language": "python",
     "metadata": {},
     "outputs": [],
     "prompt_number": 90
    },
    {
     "cell_type": "code",
     "collapsed": false,
     "input": [
      "position[9] = 1.0"
     ],
     "language": "python",
     "metadata": {},
     "outputs": [
      {
       "metadata": {},
       "output_type": "pyout",
       "prompt_number": 91,
       "text": [
        "1.0"
       ]
      }
     ],
     "prompt_number": 91
    },
    {
     "cell_type": "code",
     "collapsed": false,
     "input": [
      "for t in 0:100\n",
      "    println( t, ' ', position)\n",
      "    position = transfer*position\n",
      "end"
     ],
     "language": "python",
     "metadata": {},
     "outputs": [
      {
       "output_type": "stream",
       "stream": "stdout",
       "text": [
        "0 "
       ]
      },
      {
       "output_type": "stream",
       "stream": "stdout",
       "text": [
        "[0.0,0.0,0.0,0.0,0.0,0.0,0.0,0.0,1.0]\n",
        "1 [0.0,0.0,0.0,0.0,0.0,0.25,0.0,0.25,0.5]\n",
        "2 [0.0,0.0,0.0625,0.0,0.125,0.1875,0.0625,0.1875,0.375]\n",
        "3 [0.0,0.046875,0.078125,0.046875,0.09375,0.1875,0.078125,0.1875,0.28125]\n",
        "4 [0.0234375,0.0546875,0.09765625,0.0546875,0.1171875,0.16015625,0.09765625,0.16015625,0.234375]\n",
        "5 [0.0390625,0.0732421875,0.1025390625,0.0732421875,0.107421875,0.15234375,0.1025390625,0.15234375,0.197265625]\n",
        "6 [0.05615234375,0.08056640625,0.107666015625,0.08056640625,0.11279296875,0.139892578125,0.107666015625,0.139892578125,0.1748046875]\n",
        "7 [0.068359375,0.08929443359375,0.10894775390625,0.08929443359375,0.1102294921875,0.1337890625,0.10894775390625,0.1337890625,0.1573486328125]\n",
        "8 [0.078826904296875,0.094207763671875,0.1102447509765625,0.094207763671875,0.111541748046875,0.1275787353515625,0.1102447509765625,0.1275787353515625,0.14556884765625]\n",
        "9 [0.086517333984375,0.09870529174804688,0.11056900024414062,0.09870529174804688,0.11089324951171875,0.1237335205078125,0.11056900024414062,0.1237335205078125,0.13657379150390625]\n",
        "10 [0.09261131286621094,0.10167121887207031,0.11089420318603516,0.10167121887207031,0.11121940612792969,0.12044239044189453,0.11089420318603516,0.12044239044189453,0.13015365600585938]\n",
        "11 [0.09714126586914062,0.10409903526306152,0.11097550392150879,0.10409903526306152,0.11105680465698242,0.11817741394042969,0.11097550392150879,0.11817741394042969,0.12529802322387695]\n",
        "12 [0.10062015056610107,0.10581815242767334,0.1110568642616272,0.10581815242767334,0.1111382246017456,0.11637693643569946,0.1110568642616272,0.11637693643569946,0.12173771858215332]\n",
        "13 [0.10321915149688721,0.1071583479642868,0.1110772043466568,0.1071583479642868,0.1110975444316864,0.1150774359703064,0.1110772043466568,0.1150774359703064,0.11905732750892639]\n",
        "14 [0.105188749730587,0.1081380620598793,0.1110975481569767,0.1081380620598793,0.1111178919672966,0.114077378064394,0.1110975481569767,0.114077378064394,0.1170673817396164]\n",
        "15 [0.10666340589523315,0.1088855629786849,0.11110263410955667,0.1088855629786849,0.11110772006213665,0.11334004998207092,0.11110263410955667,0.11334004998207092,0.1155723799020052]\n",
        "16 [0.10777448443695903,0.10943983076140285,0.1111077202949673,0.10943983076140285,0.11111280648037791,0.11278069601394236,0.1111077202949673,0.11278069601394236,0.11445621494203806]\n",
        "17 [0.10860715759918094,0.10985871049342677,0.11110899184131995,0.10985871049342677,0.1111102633876726,0.1123643594328314,0.11110899184131995,0.1123643594328314,0.11361845547799021]\n",
        "18 [0.10923293404630385,0.11017128083040006,0.11111026340222452,0.11017128083040006,0.11111153496312909,0.11205051753495354,0.11111026340222452,0.11205051753495354,0.11299140745541081]\n",
        "19 [0.10970210743835196,0.11040650331051438,0.11111058129245066,0.11040650331051438,0.1111108991826768,0.11181593083892949,0.11111058129245066,0.11181593083892949,0.11252096249518218]\n",
        "20 [0.11005430537443317,0.11058252280599845,0.1111108991835863,0.11058252280599845,0.11111121707472194,0.11163959345230978,0.1111108991835863,0.11163959345230978,0.11216844666705583]\n",
        "21 [0.11031841409021581,0.11071473610968496,0.11111097865637021,0.11071473610968496,0.11111105812915412,0.11150753909441846,0.11111097865637021,0.11150753909441846,0.11190402005968281]\n",
        "22 [0.11051657509995039,0.11081379674635627,0.11111105812921096,0.11081379674635627,0.11111113760205171,0.1114083989849064,0.11111105812921096,0.1114083989849064,0.11170577957705063]\n",
        "23 [0.11066518592315333,0.11088814189439233,0.11111107799742115,0.11088814189439233,0.11111109786563134,0.11133409357330493,0.11111107799742115,0.11133409357330493,0.11155708928097852]\n",
        "24 [0.11077666390877283,0.11094387592014954,0.11111109786563489,0.11094387592014954,0.11111111773384863,0.11127833967933398,0.11111109786563489,0.11127833967933398,0.11144559142714172]\n",
        "25 [0.11086026991446118,0.11098568885710147,0.11111110283268832,0.11098568885710147,0.11111110779974176,0.1112365366764898,0.11111110283268832,0.1112365366764898,0.11136196555323785]\n",
        "26 [0.11092297938578133,0.11101704235099819,0.11111110779974198,0.11101704235099819,0.11111111276679564,0.11120517821553944,0.11111110779974198,0.11120517821553944,0.11129925111486383]\n",
        "27 [0.11097001086838976,0.11104056057582928,0.1111111090415054,0.11104056057582928,0.11111111028326881,0.11118166247423522,0.1111111090415054,0.11118166247423522,0.11125221466520163]\n",
        "28 [0.11100528572210952,0.11105819769224831,0.11111111028326882,0.11105819769224831,0.11111111152503225,0.11116402411605276,0.11111111028326882,0.11116402411605276,0.11121693856971843]\n",
        "29 [0.11103174170717892,0.11107142630566472,0.11111111059370968,0.11107142630566472,0.11111111090415053,0.11115079612351807,0.11111111059370968,0.11115079612351807,0.11119048134288559]\n",
        "30 [0.11105158400642182,0.11108134737767596,0.11111111090415055,0.11108134737767597,0.1111111112145914,0.11114087474106596,0.11111111090415055,0.11114087474106596,0.11117063873320182]\n",
        "31 [0.1110664656920489,0.11108878837570993,0.11111111098176074,0.11108878837570993,0.11111111105937096,0.11113343389825243,0.11111111098176074,0.11113343389825243,0.11115575673713389]\n",
        "32 [0.11107762703387941,0.11109436902722264,0.11111111105937095,0.11109436902722264,0.11111111113698117,0.11112785316912951,0.11111111105937095,0.11112785316912951,0.11114459531769316]\n",
        "33 [0.11108599803055103,0.11109855456436354,0.11111111107877353,0.11109855456436354,0.11111111109817609,0.11112366767079371,0.11111111107877353,0.11112366767079371,0.11113622424341134]\n",
        "34 [0.1110922762974573,0.11110169369296605,0.11111111109817609,0.11110169369296605,0.11111111111757863,0.11112052852278867,0.11111111109817609,0.11112052852278867,0.11112994595710252]\n",
        "35 [0.11109698499521167,0.11110404805154453,0.11111111110302671,0.1111040480515445,0.11111111110787736,0.11111817417391147,0.11111111110302671,0.11111817417391147,0.11112523723994559]\n",
        "36 [0.1111005165233781,0.11110581381441507,0.11111111110787736,0.11110581381441506,0.11111111111272799,0.11111640840619029,0.11111111110787734,0.11111640840619029,0.11112170570692853]\n",
        "37 [0.1111031651688966,0.11110713813959963,0.11111111110909003,0.11110713813959963,0.11111111111030268,0.11111508408343104,0.11111111110909001,0.11111508408343104,0.11111905705655942]\n",
        "38 [0.11110515165424811,0.11110813138197223,0.1111111111103027,0.11110813138197223,0.11111111111151534,0.1111140908398458,0.11111111111030267,0.1111140908398458,0.11111707056999523]\n",
        "39 [0.11110664151811017,0.1111088763145096,0.11111111111060586,0.11110887631450958,0.11111111111090902,0.11111334590791477,0.11111111111060584,0.11111334590791475,0.11111558070492052]\n",
        "40 [0.11110775891630989,0.11110943501353365,0.11111111111090902,0.11110943501353365,0.11111111111121216,0.11111278720858754,0.11111111111090902,0.11111278720858753,0.11111446330641764]\n",
        "41 [0.11110859696492177,0.11110985403799117,0.1111111111109848,0.11110985403799117,0.11111111111106059,0.11111236818428158,0.1111111111109848,0.11111236818428158,0.11111362525750258]\n",
        "42 [0.11110922550145648,0.11111016830623958,0.11111111111106059,0.11111016830623958,0.11111111111113639,0.11111205391595738,0.11111111111106059,0.11111205391595738,0.11111299672089209]\n",
        "43 [0.11110969690384803,0.11111040400747327,0.11111111111107955,0.11111040400747325,0.11111111111109848,0.11111181821476161,0.11111111111107955,0.11111181821476161,0.11111252531842473]\n",
        "44 [0.11111005045566065,0.11111058078337482,0.11111111111109849,0.11111058078337482,0.11111111111111745,0.1111116414388411,0.11111111111109849,0.1111116414388411,0.11111217176659317]\n",
        "45 [0.11111031561951774,0.11111071336531285,0.11111111111110322,0.11111071336531285,0.11111111111110797,0.11111150885691255,0.11111111111110322,0.11111150885691255,0.11111190660271714]\n",
        "46 [0.1111105144924153,0.11111081280176044,0.11111111111110797,0.11111081280176045,0.1111111111111127,0.11111140942046022,0.11111111111110797,0.11111140942046022,0.11111170772981485]\n",
        "47 [0.11111066364708787,0.1111108873790991,0.11111111111110915,0.1111108873790991,0.11111111111111033,0.11111133484312394,0.11111111111110915,0.11111133484312394,0.11111155857513753]\n",
        "48 [0.11111077551309348,0.11111094331210161,0.11111111111111033,0.11111094331210161,0.11111111111111152,0.11111127891012024,0.11111111111111033,0.11111127891012024,0.11111144670913073]\n",
        "49 [0.11111085941259755,0.11111098526185423,0.11111111111111062,0.11111098526185424,0.11111111111111092,0.1111112369603682,0.11111111111111062,0.1111112369603682,0.11111136280962548]\n",
        "50 [0.11111092233722589,0.11111101672416833,0.11111111111111091,0.11111101672416833,0.11111111111111122,0.1111112054980538,0.11111111111111091,0.1111112054980538,0.11111129988499685]\n",
        "51 [0.11111096953069712,0.11111104032090409,0.111111111111111,0.11111104032090408,0.11111111111111106,0.11111118190131819,0.111111111111111,0.11111118190131819,0.11111125269152533]\n",
        "52 [0.1111110049258006,0.1111110580184558,0.11111111111111106,0.1111110580184558,0.11111111111111113,0.11111116420376639,0.11111111111111106,0.11111116420376639,0.11111121729642176]\n",
        "53 [0.1111110314721282,0.11111107129161965,0.11111111111111108,0.11111107129161965,0.11111111111111109,0.11111115093060259,0.11111111111111108,0.11111115093060259,0.11111119075009407]\n",
        "54 [0.11111105138187394,0.11111108124649251,0.11111111111111109,0.1111110812464925,0.11111111111111112,0.1111111409757297,0.11111111111111109,0.1111111409757297,0.11111117084034833]\n",
        "55 [0.11111106631418322,0.11111108871264716,0.1111111111111111,0.11111108871264716,0.1111111111111111,0.11111113350957506,0.1111111111111111,0.11111113350957506,0.11111115590803902]\n",
        "56 [0.1111110775134152,0.11111109431226314,0.11111111111111112,0.11111109431226314,0.11111111111111112,0.11111112790995908,0.11111111111111112,0.11111112790995908,0.11111114470880704]\n",
        "57 [0.11111108591283916,0.11111109851197513,0.11111111111111112,0.11111109851197513,0.11111111111111112,0.11111112371024709,0.11111111111111112,0.11111112371024709,0.11111113630938306]\n",
        "58 [0.11111109221240716,0.11111110166175912,0.1111111111111111,0.11111110166175912,0.1111111111111111,0.1111111205604631,0.1111111111111111,0.1111111205604631,0.11111113000981507]\n",
        "59 [0.11111109693708314,0.11111110402409712,0.1111111111111111,0.11111110402409712,0.1111111111111111,0.11111111819812511,0.1111111111111111,0.11111111819812511,0.11111112528513908]\n",
        "60 [0.11111110048059013,0.11111110579585061,0.1111111111111111,0.11111110579585061,0.1111111111111111,0.11111111642637161,0.1111111111111111,0.11111111642637161,0.1111111217416321]\n",
        "61 [0.11111110313822037,0.11111110712466574,0.1111111111111111,0.11111110712466574,0.1111111111111111,0.11111111509755647,0.1111111111111111,0.11111111509755647,0.11111111908400186]\n",
        "62 [0.11111110513144307,0.11111110812127707,0.1111111111111111,0.11111110812127707,0.1111111111111111,0.11111111410094512,0.1111111111111111,0.11111111410094512,0.11111111709077917]\n",
        "63 [0.11111110662636006,0.11111110886873558,0.1111111111111111,0.11111110886873558,0.1111111111111111,0.11111111335348661,0.1111111111111111,0.11111111335348661,0.11111111559586215]\n",
        "64 [0.11111110774754783,0.11111110942932946,0.1111111111111111,0.11111110942932946,0.11111111111111109,0.11111111279289274,0.1111111111111111,0.11111111279289274,0.11111111447467438]\n",
        "65 [0.11111110858843865,0.11111110984977488,0.1111111111111111,0.11111110984977488,0.1111111111111111,0.11111111237244733,0.1111111111111111,0.11111111237244733,0.11111111363378356]\n",
        "66 [0.11111110921910677,0.11111111016510893,0.1111111111111111,0.11111111016510893,0.1111111111111111,0.11111111205711327,0.1111111111111111,0.11111111205711327,0.11111111300311545]\n",
        "67 [0.11111110969210786,0.11111111040160948,0.1111111111111111,0.11111111040160948,0.11111111111111109,0.11111111182061273,0.1111111111111111,0.11111111182061273,0.11111111253011435]\n",
        "68 [0.11111111004685867,0.11111111057898489,0.1111111111111111,0.11111111057898489,0.1111111111111111,0.11111111164323732,0.1111111111111111,0.11111111164323732,0.11111111217536354]\n",
        "69 [0.11111111031292177,0.11111111071201644,0.1111111111111111,0.11111111071201644,0.1111111111111111,0.11111111151020578,0.1111111111111111,0.11111111151020578,0.11111111190930043]\n",
        "70 [0.11111111051246911,0.1111111108117901,0.1111111111111111,0.1111111108117901,0.1111111111111111,0.11111111141043212,0.1111111111111111,0.11111111141043212,0.1111111117097531]\n",
        "71 [0.1111111106621296,0.11111111088662036,0.1111111111111111,0.11111111088662036,0.11111111111111112,0.11111111133560186,0.1111111111111111,0.11111111133560186,0.11111111156009261]\n",
        "72 [0.11111111077437498,0.11111111094274305,0.1111111111111111,0.11111111094274305,0.11111111111111112,0.11111111127947917,0.1111111111111111,0.11111111127947917,0.11111111144784724]\n",
        "73 [0.11111111085855901,0.11111111098483506,0.1111111111111111,0.11111111098483506,0.1111111111111111,0.11111111123738715,0.1111111111111111,0.11111111123738715,0.11111111136366321]\n",
        "74 [0.11111111092169704,0.11111111101640407,0.1111111111111111,0.11111111101640407,0.1111111111111111,0.11111111120581814,0.1111111111111111,0.11111111120581814,0.11111111130052517]\n",
        "75 [0.11111111096905056,0.11111111104008083,0.1111111111111111,0.11111111104008083,0.1111111111111111,0.11111111118214137,0.1111111111111111,0.11111111118214137,0.11111111125317166]\n",
        "76 [0.1111111110045657,0.1111111110578384,0.1111111111111111,0.1111111110578384,0.1111111111111111,0.1111111111643838,0.1111111111111111,0.1111111111643838,0.11111111121765652]\n",
        "77 [0.11111111103120204,0.11111111107115658,0.1111111111111111,0.11111111107115658,0.1111111111111111,0.11111111115106562,0.1111111111111111,0.11111111115106562,0.11111111119102016]\n",
        "78 [0.11111111105117931,0.1111111110811452,0.1111111111111111,0.1111111110811452,0.1111111111111111,0.111111111141077,0.1111111111111111,0.111111111141077,0.11111111117104289]\n",
        "79 [0.11111111106616225,0.11111111108863668,0.1111111111111111,0.11111111108863668,0.1111111111111111,0.11111111113358552,0.1111111111111111,0.11111111113358552,0.11111111115605994]\n",
        "80 [0.11111111107739947,0.11111111109425528,0.1111111111111111,0.11111111109425528,0.1111111111111111,0.11111111112796691,0.1111111111111111,0.11111111112796691,0.11111111114482272]\n",
        "81 [0.11111111108582739,0.11111111109846925,0.1111111111111111,0.11111111109846925,0.11111111111111109,0.11111111112375296,0.1111111111111111,0.11111111112375296,0.11111111113639482]\n",
        "82 [0.11111111109214833,0.1111111111016297,0.1111111111111111,0.1111111111016297,0.1111111111111111,0.11111111112059249,0.1111111111111111,0.11111111112059249,0.1111111111300739]\n",
        "83 [0.11111111109688901,0.11111111110400006,0.1111111111111111,0.11111111110400006,0.1111111111111111,0.11111111111822214,0.1111111111111111,0.11111111111822214,0.1111111111253332]\n",
        "84 [0.11111111110044454,0.11111111110577782,0.1111111111111111,0.11111111110577782,0.1111111111111111,0.1111111111164444,0.1111111111111111,0.1111111111164444,0.11111111112177767]\n",
        "85 [0.11111111110311118,0.11111111110711114,0.1111111111111111,0.11111111110711114,0.1111111111111111,0.11111111111511107,0.1111111111111111,0.11111111111511107,0.11111111111911104]\n",
        "86 [0.11111111110511115,0.11111111110811113,0.1111111111111111,0.11111111110811113,0.1111111111111111,0.11111111111411108,0.1111111111111111,0.11111111111411108,0.11111111111711106]\n",
        "87 [0.11111111110661114,0.11111111110886113,0.1111111111111111,0.11111111110886113,0.1111111111111111,0.11111111111336108,0.1111111111111111,0.11111111111336108,0.11111111111561106]\n",
        "88 [0.11111111110773612,0.11111111110942362,0.1111111111111111,0.11111111110942362,0.1111111111111111,0.11111111111279859,0.1111111111111111,0.11111111111279859,0.11111111111448607]\n",
        "89 [0.11111111110857988,0.11111111110984549,0.1111111111111111,0.11111111110984549,0.1111111111111111,0.11111111111237672,0.1111111111111111,0.11111111111237672,0.11111111111364233]\n",
        "90 [0.11111111110921269,0.11111111111016189,0.1111111111111111,0.11111111111016189,0.1111111111111111,0.11111111111206032,0.1111111111111111,0.11111111111206032,0.11111111111300953]\n",
        "91 [0.1111111111096873,0.1111111111103992,0.1111111111111111,0.1111111111103992,0.1111111111111111,0.11111111111182301,0.1111111111111111,0.11111111111182301,0.11111111111253492]\n",
        "92 [0.11111111111004324,0.11111111111057718,0.1111111111111111,0.11111111111057718,0.1111111111111111,0.11111111111164504,0.1111111111111111,0.11111111111164504,0.11111111111217897]\n",
        "93 [0.11111111111031022,0.11111111111071066,0.1111111111111111,0.11111111111071066,0.1111111111111111,0.11111111111151156,0.1111111111111111,0.11111111111151156,0.111111111111912]\n",
        "94 [0.11111111111051043,0.11111111111081078,0.1111111111111111,0.11111111111081078,0.11111111111111112,0.11111111111141145,0.1111111111111111,0.11111111111141145,0.11111111111171179]\n",
        "95 [0.1111111111106606,0.11111111111088585,0.1111111111111111,0.11111111111088585,0.1111111111111111,0.11111111111133637,0.1111111111111111,0.11111111111133637,0.11111111111156162]\n",
        "96 [0.11111111111077322,0.11111111111094217,0.1111111111111111,0.11111111111094217,0.11111111111111112,0.11111111111128005,0.1111111111111111,0.11111111111128005,0.111111111111449]\n",
        "97 [0.1111111111108577,0.1111111111109844,0.1111111111111111,0.1111111111109844,0.1111111111111111,0.11111111111123781,0.1111111111111111,0.11111111111123781,0.11111111111136453]\n",
        "98 [0.11111111111092103,0.11111111111101608,0.1111111111111111,0.11111111111101608,0.1111111111111111,0.11111111111120614,0.1111111111111111,0.11111111111120614,0.11111111111130118]\n",
        "99 [0.11111111111096855,0.11111111111103983,0.1111111111111111,0.11111111111103983,0.11111111111111112,0.11111111111118238,0.1111111111111111,0.11111111111118238,0.11111111111125366]\n",
        "100 [0.11111111111100419,0.11111111111105765,0.1111111111111111,0.11111111111105765,0.1111111111111111,0.11111111111116456,0.1111111111111111,0.11111111111116456,0.11111111111121802]\n"
       ]
      }
     ],
     "prompt_number": 92
    }
   ],
   "metadata": {}
  }
 ]
}